100
4 3 12
3 2 1
1 5 2
8 1 1
3 2 30
1 2 27
3 2 1
4 1 11
2 1 2
4 1 5
8 2 2
5 10 5000
14 27 31
27 11 44
30 8 20
2000 4000 3
5 8 181
151 2 1
155 8 1
30 2 6
162 4 3
7 14 1576
234 4 2
92 2 122
852 12 206
536 52 250
88 84 118
1512 28 8
7 38 4880
91 4 11
75 56 16
69 46 3
196 12 1
75 44 8
107 30 9
15 115 3895
210 20 5
115 110 5
240 75 25
335 30 25
175 115 15
205 20 75
500 110 40
545 70 1150
1600 535 135
1870 85 15
2400 55 15
1755 70 750
3340 15 5
3385 45 10
10 98 2192
840 8 18
502 4 400
440 148 2
1332 90 56
452 46 34
556 134 90
1588 38 396
1928 166 6
2104 8 88
9 13 62
9 9 5
17 11 3
13 13 1
26 3 8
29 8 3
43 9 3
49 11 2
9 7 11
11 36 2632
4 40 4
12 24 24
36 8 104
476 20 16
524 32 304
1056 8 480
1576 28 4
1356 40 84
2484 28 24
560 120 32
10 31 210
14 30 10
39 26 3
43 14 18
33 33 10
45 39 24
112 30 5
83 20 15
83 28 6
145 22 25
9 27 1222
19 14 1
21 11 101
173 14 22
174 111 2
100 27 221
498 16 5
361 14 117
780 12 22
6 69 1228
147 5 54
203 51 4
233 67 494
668 249 199
443 80 65
13 38 957
14 34 16
35 18 6
42 6 355
572 17 26
624 18 44
527 130 1
788 28 9
514 42 7
831 38 45
612 226 4
1068 16 11
495 23 2
12 28 149
10 26 2
26 24 4
2 33 1
27 23 1
67 11 8
80 19 11
95 20 2
103 5 7
121 2 1
45 26 1
132 14 3
11 4 1103
21 4 57
69 5 2
81 4 1
15 4 1
86 4 2
89 3 1
21 3 2
32 4 541
629 361 50
1099 2 4
16 21 905
4 21 12
3 13 1
20 17 10
37 8 9
30 19 46
75 179 4
258 17 2
260 14 58
315 176 2
284 14 22
557 20 9
566 16 12
102 21 12
597 14 107
892 5 13
12 37 683
11 28 5
4 92 7
114 35 94
391 33 16
467 33 1
468 25 16
583 29 2
814 17 29
818 31 32
881 33 116
1148 12 24
15 84 3772
4 84 216
192 440 244
632 56 4
920 8 104
1228 60 172
644 176 4
1540 32 232
2016 36 132
1412 132 60
1684 128 56
932 44 428
3720 76 24
1068 28 12
376 16 4
13 12 490
18 4 1
7 13 38
51 62 5
121 4 1
39 4 2
53 13 19
175 12 1
53 4 39
220 11 11
231 8 2
80 7 105
489 12 1
11 28 666
19 11 5
39 22 95
111 91 1
203 11 7
228 4 2
146 30 84
74 32 52
357 48 2
406 209 3
641 12 25
15 10 732
4 9 10
78 6 5
18 11 79
182 5 3
88 2 44
103 40 16
85 16 1
255 10 1
297 3 29
317 81 1
399 10 40
440 6 6
479 10 153
728 7 4
14 92 3512
20 76 8
8 20 504
268 196 44
704 40 8
564 76 88
144 20 8
816 64 228
1012 1600 76
2696 40 136
2256 164 4
1092 24 276
1732 104 8
3332 48 80
16 8 3681
33 1 1
14 7 24
58 121 2
184 5 36
237 8 2
240 6 24
270 3 36
247 27 4
220 2 1
129 7 3
58 4 8
188 158 5
275 3 129
639 5 2
641 4 3
15 378 2619
27 405 27
108 297 351
81 378 54
621 54 135
189 108 27
864 135 54
297 189 54
1107 243 54
1080 378 216
1458 297 216
1242 270 189
1026 135 162
1188 432 27
1512 351 54
9 5 30
2 4 3
2 4 1
9 3 2
3 2 1
11 4 1
14 5 1
16 7 2
26 3 2
10 24 1199
18 17 71
186 6 2
73 5 66
248 296 43
571 165 2
617 33 13
429 31 4
1190 11 1
1193 16 6
13 3 1758
1 4 44
43 249 21
325 2 3
328 3 2
330 3 21
606 3 2
608 3 79
160 35 1
721 2 81
861 3 3
878 2 74
467 121 3
12 22 153
5 23 14
6 14 4
35 19 3
40 5 11
56 11 8
70 17 6
71 6 16
98 4 12
111 14 3
34 3 19
122 7 13
2 81 481
74 53 39
7 55 550
77 2 104
137 76 78
376 49 2
381 27 5
331 100 33
378 48 22
5 42 918
12 44 198
194 276 272
876 6 8
896 6 8
16 29 209
10 23 3
2 13 14
30 10 13
49 18 1
50 16 10
67 27 5
51 33 1
60 37 7
63 21 6
111 2 6
122 10 6
128 5 15
47 12 7
21 7 8
101 27 12
2 240 4153
490 5 98
5 113 775
107 114 81
138 117 72
333 39 40
297 215 48
14 9 497
62 5 12
46 7 2
80 5 19
148 7 8
124 6 1
162 9 2
10 7 3
111 10 1
174 8 221
406 5 1
127 4 2
409 3 2
490 3 7
12 44 1200
22 37 13
365 12 7
375 5 10
332 26 95
511 11 18
418 43 19
531 22 112
1028 27 3
560 30 23
1066 27 12
1107 17 23
13 34 3973
99 4 22
128 6 5
91 25 15
100 9 150
421 22 4
228 18 24
10 4 32
520 16 2
218 2 28
90 8 105
694 32 9
437 28 21
13 20 600
35 5 4
51 3 38
119 18 40
78 21 5
179 20 45
238 19 2
245 13 4
257 18 5
119 17 10
269 185 14
469 9 41
432 77 14
14 46 1362
244 8 2
224 200 28
186 6 24
496 28 6
276 66 2
510 34 20
232 38 68
624 536 30
1190 36 4
1222 38 8
1234 24 26
96 24 4
678 40 8
2 50 4374
1238 6 48
13 10 761
78 4 9
114 7 58
253 7 2
255 10 83
330 182 1
143 7 4
363 5 4
523 10 75
710 5 1
305 11 2
139 15 7
585 9 10
8 14 536
575 3 4
581 14 158
898 7 10
939 7 7
946 13 3
410 15 2
843 17 11
9 41 155
13 29 2
6 3 19
53 39 2
25 16 2
63 5 26
49 47 7
104 2 10
114 16 9
5 49 4583
327 2 18
352 42 1
359 12 59
95 64 23
4 105 1365
92 28 80
121 64 46
162 114 3
13 6 925
38 2 39
228 5 2
230 4 1
234 5 16
340 4 1
341 3 32
382 3 2
387 3 34
139 56 206
124 111 7
809 5 80
921 5 4
2 103 4678
11 94 35
9 22 470
1 22 74
64 119 4
210 3 11
228 7 7
167 20 84
452 2 5
18 9 2
468 17 2
12 17 602
9 14 186
77 28 13
170 4 4
236 4 46
174 100 28
196 29 2
430 12 5
344 12 3
445 15 76
320 62 15
229 26 9
11 20 575
3 19 14
18 20 7
9 20 1
10 20 2
32 8 8
28 6 5
26 20 2
19 16 313
498 19 3
453 39 18
16 168 3126
156 54 24
186 30 270
792 156 72
876 66 24
1008 12 804
2736 66 6
2748 162 18
1560 180 66
2424 102 438
3630 18 60
3930 114 72
1440 186 24
4110 120 24
4146 108 6
3978 66 144
7 20 643
1 21 90
73 58 4
136 18 103
110 63 13
576 11 30
624 4 19
10 17 1018
159 5 20
164 143 142
491 14 30
34 17 31
565 5 1
568 9 164
966 2 10
542 10 1
991 15 11
7 92 1300
144 6 42
66 34 24
146 106 1156
1374 238 34
814 76 88
1936 12 38
9 19 558
50 3 9
66 4 10
83 8 32
98 283 2
26 7 11
175 20 2
114 14 10
553 17 5
12 36 704
2 36 1
2 15 68
72 80 22
254 9 1
277 31 6
403 21 28
442 11 2
450 31 30
410 14 24
473 111 85
885 3 27
12 16 119
12 12 12
27 9 7
20 16 7
46 14 1
60 10 6
66 5 1
50 10 3
74 2 1
43 13 1
33 17 1
31 22 15
7 15 1161
130 4 3
83 10 288
246 85 48
327 73 71
770 4 279
838 103 14
4 2128 3382
1026 1216 38
1140 304 152
912 1710 760
3 137 341
135 85 15
152 135 72
4 33 263
13 25 135
163 14 11
177 24 16
4 69 468
1 69 192
235 59 11
190 109 60
7 42 160
8 43 16
14 17 1
34 39 5
1 47 18
76 26 12
65 27 16
16 6 658
9 3 41
48 29 16
88 79 2
176 3 3
179 5 41
215 92 89
249 11 1
404 4 61
219 48 3
523 4 2
69 3 3
528 4 64
648 3 4
653 2 2
657 6 1
16 12 1022
76 2 25
98 252 104
467 6 3
149 3 51
589 11 2
596 7 8
196 4 3
611 5 41
816 8 9
359 10 2
474 14 28
896 12 18
717 27 14
841 52 8
1010 12 12
10 35 849
20 36 24
23 32 33
89 19 15
120 16 215
371 16 147
93 57 18
580 5 133
387 105 12
865 7 20
15 23 193
12 18 6
3 31 8
49 7 2
51 11 1
53 12 7
37 32 11
37 23 5
54 9 4
17 11 1
99 11 7
117 22 17
42 19 13
157 11 2
90 26 14
10 22 120
20 5 2
4 21 2
27 2 3
15 31 6
52 19 7
32 9 11
43 15 2
44 16 7
97 12 16
16 11 613
6 9 2
8 10 14
13 195 5
205 12 85
410 4 16
474 7 40
392 57 2
164 44 28
350 46 5
289 13 152
162 94 2
361 10 30
302 80 1
422 16 5
69 2 11
8 16 573
3 14 94
85 72 3
162 13 45
312 11 2
370 16 83
379 29 48
293 69 4
3 72 590
228 4 236
413 45 71
8 13 2912
24 5 3
19 16 1
36 5 237
263 30 2
227 14 1
299 6 169
194 89 4
8 29 477
117 4 83
257 6 19
306 14 60
402 16 1
281 3 8
151 29 9
91 13 26
4 4 18
2 4 1
1 1 2
5 2 4
3 165 2554
21 158 29
54 88 63
14 39 1123
128 4 3
91 5 26
134 95 24
62 33 3
265 21 128
218 157 6
548 16 1
406 38 30
400 7 27
365 53 40
729 21 89
901 20 169
1107 36 16
16 17 1048
5 13 64
68 317 1
136 12 36
463 13 51
520 14 5
213 59 1
568 8 1
114 13 1
577 3 13
126 50 9
641 9 61
726 15 128
939 15 28
1023 3 2
779 17 14
16 80 4055
515 10 15
545 10 30
615 15 20
680 75 360
1260 20 15
1295 45 15
1315 45 45
1360 20 20
665 55 185
1515 745 40
170 25 50
2395 80 200
2550 500 110
3115 855 10
3980 75 75
16 4 668
1 5 1
2 3 1
2 1 2
1 4 263
364 2 28
397 2 1
400 3 38
449 3 1
44 13 67
550 3 20
296 27 17
200 4 2
615 3 1
120 13 15
441 25 2
16 578 4250
323 510 221
323 238 153
561 153 17
306 221 408
374 204 34
340 153 527
1819 391 136
2040 340 17
1938 289 272
2550 374 374
2958 204 187
3417 493 221
3723 425 17
3740 578 34
3774 425 34
5 36 807
22 23 10
38 26 6
30 18 196
241 541 25
10 60 4650
10 55 1905
2565 60 5
2570 20 95
2890 40 30
2925 35 5
2095 40 260
3510 15 25
1830 165 460
4640 45 10
15 13 633
10 11 54
64 7 5
68 12 2
82 7 29
187 2 1
150 3 1
176 7 4
197 11 143
220 37 7
98 10 54
306 122 12
596 3 1
606 5 2
496 27 2
8 450 1850
250 400 50
200 450 50
850 350 50
450 650 50
700 500 250
1450 350 100
1550 150 100
5 31 3112
14 18 114
120 168 3
221 24 105
459 6 5
3 580 3265
2035 10 160
1300 490 145
16 21 629
62 3 6
72 18 4
33 11 56
294 20 3
200 17 3
306 3 31
439 20 1
440 19 2
442 6 16
522 12 3
542 12 1
186 43 4
535 18 3
597 2 10
612 13 4
13 17 1228
16 14 143
249 7 1
98 8 5
219 19 8
273 5 126
852 9 4
856 7 3
951 11 1
953 2 3
957 9 37
401 72 167
1165 20 3
3 94 4813
399 3 1
404 75 91
5 97 3810
234 4 52
262 43 46
400 79 31
460 13 83
8 40 4152
24 48 576
592 1720 32
2360 40 304
4072 32 32
2376 24 8
4112 16 8
4144 24 8
7 6 200
3 6 11
48 4 13
180 2 2
183 4 1
145 2 3
190 2 5
2 220 177
11 219 214
2 2924 2414
1224 2312 2890
7 17 70
16 2 1
17 6 1
19 4 3
31 10 8
22 25 8
40 20 10
15 21 1499
4 18 18
42 7 10
32 6 1
54 51 6
83 19 1
101 31 91
285 8 7
302 13 7
77 55 14
219 21 18
54 11 126
793 14 2
514 26 83
896 14 17
16 29 948
70 2 7
58 14 13
78 22 3
93 29 50
437 29 1
438 2 3
361 66 58
232 16 5
125 4 3
473 29 11
385 25 2
384 1 137
857 7 2
219 21 2
906 17 25
7 27 314
263 2 2
60 23 15
285 24 4
103 23 19
336 25 1
341 19 27
