100 
4 3 12
3 2 1
1 5 2
8 1 1
3 2 30
1 2 27
3 2 1
4 1 11
2 1 2
4 1 5
8 2 2
5 10 5000
14 27 31
27 11 44
30 8 20
2000 4000 3
12 30 805
174 3 39
196 29 11
264 11 98
378 20 6
364 34 6
348 33 1
254 46 1
439 22 5
63 32 252
774 19 5
399 19 15
16 11 3203
5 9 31
38 6 1
18 6 1
32 12 179
272 10 6
306 6 1
156 14 13
30 6 5
87 2 2
100 11 2
278 5 45
96 35 21
437 7 2
439 4 29
477 10 11
15 11 96
10 5 6
9 10 2
12 9 4
9 7 9
39 6 3
42 4 4
35 14 1
53 11 4
16 5 3
67 4 1
55 3 7
80 7 1
81 10 2
84 4 6
13 7 35
1 8 2
1 4 3
8 6 2
10 6 2
14 6 4
20 7 2
22 5 3
26 5 1
28 3 1
2 1 2
31 3 1
23 3 2
16 32 4616
8 36 144
204 24 252
664 32 8
64 16 8
24 12 992
980 668 104
2472 32 20
2500 24 8
368 44 352
3112 20 60
3308 20 4
120 36 256
2420 128 564
472 252 76
4584 12 32
4 47 113
45 36 1
47 10 13
71 13 40
2 253 1002
103 198 210
13 6 52
5 7 4
6 4 3
14 6 5
7 4 2
18 5 4
7 1 1
30 4 2
24 5 2
34 2 2
18 5 2
42 5 4
42 2 3
7 51 207
18 46 16
21 19 9
23 36 3
96 20 17
128 32 14
142 13 32
5 4 513
230 5 2
106 2 117
74 34 46
509 3 4
11 20 545
15 12 4
25 19 33
65 12 3
80 15 41
194 10 8
183 20 159
369 8 82
479 10 1
413 7 87
571 3 7
14 28 218
23 14 1
24 15 18
50 11 11
63 22 2
59 8 25
94 10 9
68 19 2
15 5 7
61 8 8
53 44 10
109 16 4
162 7 5
176 2 24
11 48 938
31 26 1
22 11 6
40 45 1
29 31 19
39 44 52
325 17 6
331 42 8
361 6 26
517 14 287
893 36 21
14 27 162
25 6 5
13 8 2
39 20 6
56 19 5
35 30 9
74 24 15
94 19 2
45 17 1
33 17 8
109 23 2
58 33 1
70 29 17
148 3 14
4 108 2035
44 68 3
22 14 19
85 74 37
2 116 3825
442 2 57
5 14 721
254 5 6
205 2 7
270 2 192
461 259 1
4 44 163
15 44 16
36 30 23
25 54 40
3 113 414
177 2 141
607 59 112
14 48 2916
276 8 8
284 24 12
316 36 1592
580 56 8
1936 44 248
1788 36 4
704 16 204
1472 224 48
1728 216 20
636 36 28
2860 32 4
2904 36 8
2912 48 4
4 15 3008
81 3 9
59 17 1
98 6 5
2 75 86
39 47 34
6 25 517
9 20 5
32 3 101
124 79 182
495 5 2
339 17 8
4 21 342
70 2 84
220 10 64
131 24 21
7 53 914
75 2 13
86 42 7
110 27 225
275 62 2
117 48 97
865 3 49
4 82 265
32 74 49
35 55 21
63 69 70
9 59 978
11 53 16
22 27 20
26 23 141
448 37 48
454 85 20
251 30 53
305 296 9
826 53 31
7 11 4505
18 4 46
59 591 14
665 3 1
667 11 66
967 3 117
1089 2 5
9 30 1013
115 4 94
192 220 166
611 6 3
337 20 7
639 16 7
377 5 229
869 49 3
351 26 18
11 7 540
3 7 1
2 2 3
9 6 2
13 4 164
177 3 11
280 7 8
208 11 2
292 8 93
476 6 25
363 34 7
2 67 4746
122 2 29
14 7 1132
1 8 182
19 18 12
204 98 2
8 1 3
116 8 149
577 7 1
580 5 41
355 66 13
1057 4 1
222 3 1
875 5 3
231 5 39
112 29 5
11 4 575
3 5 37
32 7 8
52 16 14
79 211 3
293 2 3
296 4 70
540 3 1
151 2 13
440 10 7
499 6 4
12 12 4790
3 13 16
59 9 1
70 9 40
123 3 16
129 58 5
198 8 1
200 6 93
373 5 5
382 7 1
383 12 78
526 4 12
16 17 887
130 2 7
97 6 54
287 2 1
81 1 13
302 15 3
345 2 13
85 13 5
173 25 2
378 3 10
388 11 197
178 12 1
487 13 2
607 8 6
117 11 120
225 73 5
7 45 2602
29 27 25
65 43 2
60 15 11
103 39 189
832 35 2
69 31 21
14 35 1174
17 31 22
51 17 127
236 14 25
287 8 14
290 169 8
481 8 79
178 88 1
318 11 53
855 7 18
888 21 78
527 15 30
207 17 60
1143 7 31
10 10 378
8 4 21
26 55 18
121 2 6
213 4 4
224 7 1
230 6 153
297 84 24
289 190 7
618 9 6
7 3 585
48 2 2
24 2 189
383 3 1
89 4 36
420 161 1
469 1 3
16 45 3235
670 10 10
705 40 25
460 15 5
135 40 10
760 40 25
245 25 5
490 55 15
600 5 25
505 30 2220
3355 15 120
3195 245 5
3710 30 5
3725 45 10
3755 35 20
3070 25 30
14 13 466
5 13 1
4 5 5
21 2 2
26 5 2
38 6 28
327 7 5
48 16 5
158 17 2
242 23 3
363 13 2
282 81 2
448 11 10
460 3 6
9 62 977
21 58 72
188 16 159
571 62 11
512 54 4
639 24 2
193 56 58
814 40 2
841 58 27
5 1728 4995
918 1215 189
1485 1134 378
1701 567 189
3078 1458 1323
4 5 488
3 6 225
235 2 119
349 135 4
3 103 1873
29 98 11
14 26 54
2 170 1018
163 136 169
11 12 511
10 6 1
17 11 1
12 3 7
19 4 6
37 9 10
48 12 5
57 7 2
36 10 2
68 6 684
274 17 11
16 6 962
153 3 1
154 4 40
241 2 1
80 5 2
130 113 2
305 1 155
523 4 102
348 12 1
637 3 1
639 6 40
363 157 1
839 5 21
863 6 29
757 44 12
858 14 6
13 7 532
34 2 11
44 50 3
116 2 40
81 68 1
219 2 2
222 5 3
227 4 1
228 6 4
23 5 1
91 7 2
243 7 127
195 168 1
7 9 38
8 4 1
2 7 5
7 9 2
11 11 1
5 3 1
5 3 4
9 30 180
21 18 3
47 20 15
47 18 8
54 39 5
100 5 9
82 13 9
138 20 12
150 20 30
14 17 825
9 13 24
148 10 179
379 7 37
420 13 1
422 17 2
424 12 11
535 9 12
602 4 7
405 3 2
617 5 43
755 8 2
758 3 27
811 17 14
3 37 203
137 2 7
125 3 30
5 12 740
397 2 1
205 3 89
707 6 21
36 19 1
8 26 1033
6 27 17
10 15 153
589 19 1
601 14 273
857 150 11
321 27 7
768 12 1
12 26 1656
2 28 4
14 4 4
20 26 648
520 134 16
808 6 4
66 36 8
840 26 152
990 348 76
390 168 14
480 24 2
1586 14 22
5 7 504
1 8 10
7 5 187
492 5 6
123 5 6
5 60 516
16 48 17
68 2 2
81 51 192
326 39 59
8 9 476
8 6 10
9 153 1
211 7 22
173 19 8
66 37 1
289 4 151
473 7 3
2 83 3440
72 65 74
2 88 239
34 79 41
10 10 63
6 6 1
7 10 4
7 9 8
25 10 2
22 5 1
35 7 5
10 3 3
43 6 5
50 4 10
8 34 1096
156 5 13
181 16 2
183 10 5
92 33 3
20 16 9
137 17 69
1074 6 22
3 5 14
4 3 1
2 4 4
10 12 465
2 13 11
10 6 4
21 4 5
29 12 3
24 10 107
134 179 57
187 44 90
58 43 6
342 17 12
14 43 2637
95 4 14
68 45 97
167 232 39
610 41 11
628 21 17
663 2 1
168 16 14
817 41 89
763 106 5
980 6 2
260 41 19
996 15 2
66 37 4
12 33 1386
105 2 43
93 40 10
185 21 2
113 12 56
309 26 1
314 25 1
169 21 14
109 39 498
316 57 194
633 53 12
143 11 19
15 80 652
56 68 4
68 20 32
136 8 60
200 24 28
148 92 16
260 12 8
232 40 4
280 16 28
332 60 4
360 52 16
420 68 20
296 36 28
300 68 24
556 32 56
6 78 992
286 4 4
54 6 136
694 22 26
610 70 98
872 36 68
6 20 407
31 4 179
194 124 2
208 53 17
386 12 3
378 4 17
4 1248 4992
1209 1014 312
624 897 156
2301 273 1170
2 89 2289
479 3 42
15 18 995
17 14 16
118 5 13
202 10 6
176 17 37
250 2 48
292 2 8
328 7 2
332 9 9
126 11 151
623 12 30
656 6 4
342 4 12
676 9 7
988 13 7
3 148 1350
648 4 20
795 106 15
3 15 88
96 5 12
5 2 6
13 19 3133
23 2 52
41 13 188
277 13 1
278 18 5
286 10 5
294 3 1
295 5 73
183 176 5
528 32 4
161 15 8
592 10 2
603 15 5
4 58 82
9 50 2
1 18 34
56 19 26
3 21 254
223 3 3
34 22 4
10 40 1800
40 12 36
88 28 12
112 20 268
716 40 12
232 36 48
1816 8 40
1856 8 12
1892 8 52
620 260 12
3 111 248
92 33 65
160 56 64
12 7 662
16 2 1
6 2 2
20 3 3
24 7 37
65 6 13
71 32 228
186 47 5
318 12 77
192 27 62
88 9 73
658 2 4
6 43 4112
15 42 100
149 38 1
150 33 138
442 4 31
77 22 13
4 81 662
51 37 1
21 31 283
661 56 1
12 37 222
9 30 1
33 18 5
43 27 1
11 45 20
92 20 4
96 18 5
107 7 24
33 7 3
140 5 12
120 35 8
175 27 30
6 67 239
45 56 19
15 64 14
56 40 14
59 67 52
119 71 4
16 16 806
6 17 12
5 14 4
23 6 178
192 135 30
418 5 9
62 6 1
293 13 41
326 135 81
686 16 6
697 13 1
698 7 23
453 19 2
142 2 38
793 2 6
799 16 13
12 940 4230
235 752 94
141 235 47
235 282 329
1175 611 94
1363 376 47
1410 94 47
752 705 141
1645 376 611
2397 141 564
3243 94 47
1081 282 470
14 11 440
11 5 1
2 11 16
28 22 9
52 7 1
54 7 3
67 4 117
187 7 70
247 98 7
332 5 88
474 3 2
480 7 6
516 9 8
524 2 9
3 21 2263
525 2 75
648 8 5
6 35 2242
4 33 14
22 2 18
17 35 57
304 19 15
255 22 31
6 3 11
1 4 1
1 2 1
5 3 1
3 4 1
2 2 1
10 50 871
29 37 136
250 12 5
276 39 146
447 48 4
473 50 85
220 21 201
215 49 6
810 40 8
859 14 12
16 24 807
6 25 5
6 10 335
366 8 1
19 6 1
32 14 12
381 21 2
383 2 2
388 16 2
390 3 250
90 24 10
160 25 80
256 22 3
744 5 1
451 27 8
756 21 1
4 9 21
5 5 4
12 2 4
10 6 4
16 18 2118
5 19 45
139 3 3
124 20 96
34 18 6
256 14 3
269 10 23
275 129 3
172 16 1
379 18 4
419 18 11
432 6 12
76 7 1
450 10 106
647 8 3
222 15 9
16 36 280
8 36 16
8 16 8
8 32 2
44 28 2
32 32 16
60 36 2
98 8 12
122 4 18
148 10 4
152 6 6
94 8 4
148 30 2
182 36 2
188 8 32
188 32 30
